483
393
316
863
368
528
776
456
711
849
537
665
667
795
490
874
736
500
868
338
820
822
307
786
296
735
777
372
590
461
634
710
622
624
429
645
468
838
842
844
828
866
832
834
799
689
607
637
487
524
348
512
313
549
407
757
582
794
467
801
789
400
354
405
441
823
771
821
819
732
321
870
556
558
560
329
580
535
529
545
495
722
782
323
486
417
567
519
598
395
824
436
728
740
420
385
716
308
427
772
494
846
725
861
730
733
709
382
371
365
363
544
596
374
578
762
356
737
430
320
387
380
443
566
658
650
627
639
453
654
361
830
